00100100
00000001
00000000
00000011
00100100
00000010
00000000
00101011
00100100
00000011
00000000
00101100
00100100
00000100
00000000
00101101
00001000
00000000
00000000
00011000
00100110
00001000
00000000
00000101
00
10101110
00011000
00000000
00000000
00
10101100
10110000
00000000
00000010
0
10101100
11010000
00000000
00000100
0
10101100
11110000
00000000
00000110
0
10101101
00010000
00000000
00001000
0
00000000
00000000
00001001
01000000
00000000
00000000
00010001
10000000
00000000
00000000
00011001
11000000
00000000
00000000
00100010
00000000
00100100
00001010
00000000
00000001
00000000
00001010
00000100
01000000
01010010
00100101
00000000
10010100
00000000
00010001
00101000
01000000
00000000
00000000
00110000
10000000
00000000
00000000
01000000
11000000
00000000
00000000
00111001
00000000
00001000
00000000
00000000
00011000
00001000
00000000
00000000
10010100
00000000
00010001
00101000
01000000
00000000
00000000
01000000
10000000
00000000
00000000
00111000
11000000
00000000
00000000
00110001
00000000
00001000
00000000
00000000
00011000
10001110
00011000
00000000
00000000
00
10001100
10110000
00000000
00000010
0
10001100
11010000
00000000
00000100
0
10001100
11110000
00000000
00000110
0
10001101
00010000
00000000
00001000
0
00100110
00001000
00000000
00000101
00
00001000
00000000
00000000
01100000
01010010
00100101
00000000
01111000
00001000
00000000
00000000
01100100
